0 1
0 2
0 3
0 4
0 5
0 9
0 11
0 13
0 14
0 15
0 16
0 17
0 19
0 22
0 29
0 31
0 33
0 34
0 37
0 40
0 43
0 45
0 66
0 73
0 81
0 86
0 88
0 95
0 103
0 106
0 111
0 149
0 208
0 210
0 245
0 323
0 421
0 450
0 492
0 509
0 524
0 540
0 614
0 633
0 704
0 710
0 806
0 807
0 822
0 824
0 867
0 951
0 965
0 980
1 2
1 3
1 4
1 5
1 7
1 8
1 12
1 13
1 18
1 24
1 31
1 46
1 61
1 65
1 69
1 79
1 82
1 87
1 94
1 102
1 111
1 160
1 180
1 195
1 225
1 308
1 335
1 404
1 431
1 466
1 513
1 544
1 579
1 581
1 589
1 635
1 656
1 798
1 813
1 894
1 909
1 913
1 955
2 3
2 4
2 5
2 6
2 7
2 9
2 11
2 12
2 14
2 16
2 20
2 21
2 30
2 32
2 42
2 44
2 49
2 55
2 57
2 66
2 72
2 83
2 85
2 96
2 104
2 107
2 112
2 115
2 132
2 143
2 153
2 190
2 196
2 203
2 214
2 228
2 235
2 239
2 240
2 250
2 255
2 333
2 354
2 395
2 416
2 418
2 435
2 438
2 475
2 498
2 604
2 621
2 647
2 655
2 673
2 733
2 809
2 816
2 845
2 991
2 997
3 4
3 5
3 6
3 8
3 9
3 10
3 11
3 12
3 14
3 17
3 19
3 24
3 26
3 40
3 46
3 48
3 50
3 53
3 56
3 64
3 70
3 72
3 84
3 94
3 98
3 107
3 110
3 112
3 114
3 125
3 136
3 150
3 151
3 177
3 185
3 194
3 216
3 237
3 271
3 311
3 316
3 323
3 325
3 376
3 399
3 405
3 408
3 412
3 469
3 479
3 488
3 495
3 560
3 641
3 657
3 718
3 768
3 782
3 789
3 790
3 835
3 995
4 5
4 11
4 13
4 17
4 18
4 20
4 23
4 25
4 38
4 49
4 78
4 121
4 127
4 134
4 151
4 159
4 177
4 197
4 230
4 261
4 280
4 298
4 301
4 302
4 347
4 353
4 403
4 416
4 475
4 477
4 510
4 541
4 554
4 558
4 585
4 601
4 606
4 663
4 677
4 753
4 780
4 841
5 7
5 8
5 10
5 12
5 13
5 15
5 21
5 23
5 25
5 26
5 32
5 34
5 36
5 37
5 38
5 40
5 41
5 43
5 48
5 49
5 50
5 59
5 65
5 66
5 76
5 78
5 81
5 102
5 115
5 123
5 148
5 152
5 170
5 177
5 201
5 226
5 227
5 230
5 250
5 252
5 253
5 299
5 323
5 403
5 405
5 409
5 435
5 529
5 542
5 634
5 675
5 701
5 762
5 795
5 814
5 861
5 869
5 889
5 918
5 957
5 976
5 989
6 7
6 8
6 9
6 10
6 15
6 25
6 28
6 30
6 33
6 43
6 55
6 68
6 71
6 73
6 80
6 117
6 120
6 162
6 177
6 208
6 220
6 241
6 264
6 309
6 503
6 579
6 601
6 609
6 745
6 786
6 892
7 8
7 10
7 11
7 12
7 17
7 19
7 20
7 27
7 38
7 41
7 51
7 52
7 57
7 73
7 85
7 86
7 150
7 151
7 152
7 164
7 169
7 233
7 237
7 244
7 334
7 372
7 464
7 476
7 504
7 737
7 751
7 780
7 783
7 790
7 831
7 855
7 870
7 887
8 10
8 15
8 17
8 21
8 23
8 29
8 30
8 37
8 74
8 77
8 93
8 100
8 102
8 109
8 134
8 144
8 156
8 161
8 162
8 166
8 168
8 178
8 217
8 219
8 222
8 307
8 361
8 382
8 387
8 403
8 409
8 428
8 645
8 658
8 672
8 682
8 691
8 723
8 776
8 837
8 838
8 852
8 861
8 867
8 884
8 916
8 958
8 961
9 16
9 28
9 29
9 30
9 35
9 43
9 52
9 65
9 67
9 76
9 97
9 103
9 125
9 134
9 143
9 185
9 196
9 209
9 219
9 289
9 294
9 298
9 301
9 304
9 351
9 363
9 365
9 426
9 465
9 468
9 488
9 505
9 565
9 625
9 626
9 717
10 14
10 20
10 22
10 24
10 35
10 61
10 70
10 77
10 82
10 149
10 155
10 180
10 191
10 198
10 210
10 266
10 274
10 373
10 384
10 402
10 417
10 438
10 473
10 475
10 487
10 574
10 621
10 715
10 816
10 821
10 842
10 957
11 14
11 25
11 27
11 32
11 53
11 59
11 74
11 78
11 89
11 101
11 123
11 130
11 173
11 179
11 199
11 216
11 227
11 248
11 271
11 278
11 296
11 309
11 314
11 368
11 388
11 515
11 526
11 540
11 543
11 787
11 817
11 978
12 13
12 15
12 18
12 19
12 20
12 23
12 24
12 26
12 29
12 34
12 47
12 48
12 51
12 52
12 54
12 56
12 57
12 58
12 61
12 70
12 83
12 84
12 94
12 96
12 97
12 98
12 102
12 133
12 152
12 159
12 165
12 188
12 195
12 204
12 210
12 216
12 220
12 227
12 260
12 262
12 276
12 278
12 293
12 322
12 327
12 328
12 331
12 339
12 341
12 375
12 394
12 420
12 427
12 433
12 475
12 502
12 512
12 522
12 527
12 528
12 548
12 553
12 596
12 599
12 615
12 625
12 696
12 709
12 715
12 737
12 746
12 869
12 891
12 943
13 16
13 21
13 36
13 37
13 66
13 107
13 124
13 131
13 184
13 185
13 200
13 231
13 235
13 251
13 528
13 597
13 687
13 905
14 18
14 21
14 22
14 24
14 27
14 28
14 52
14 65
14 91
14 104
14 117
14 147
14 174
14 188
14 240
14 267
14 282
14 311
14 321
14 322
14 340
14 352
14 353
14 397
14 400
14 415
14 557
14 568
14 600
14 633
14 681
14 685
14 694
14 784
14 797
14 875
14 883
14 924
15 26
15 47
15 51
15 58
15 63
15 67
15 76
15 81
15 88
15 325
15 434
15 480
15 521
15 568
15 707
15 888
15 938
15 952
16 19
16 22
16 31
16 50
16 54
16 62
16 63
16 84
16 90
16 92
16 103
16 105
16 188
16 199
16 352
16 358
16 413
16 429
16 446
16 516
16 566
16 570
16 710
16 827
16 844
16 883
17 18
17 35
17 36
17 49
17 88
17 125
17 259
17 264
17 366
17 436
17 688
18 22
18 30
18 32
18 33
18 37
18 40
18 42
18 44
18 47
18 48
18 49
18 50
18 51
18 54
18 60
18 82
18 94
18 95
18 109
18 111
18 113
18 150
18 187
18 191
18 196
18 213
18 214
18 225
18 252
18 267
18 272
18 322
18 334
18 372
18 387
18 414
18 474
18 491
18 496
18 503
18 547
18 565
18 574
18 615
18 627
18 671
18 693
18 727
18 730
18 739
18 740
18 752
18 767
18 797
18 804
18 857
18 897
18 948
19 29
19 34
19 44
19 55
19 57
19 73
19 92
19 98
19 100
19 119
19 155
19 184
19 198
19 214
19 221
19 232
19 285
19 321
19 365
19 396
19 448
19 461
19 545
19 588
19 612
19 613
19 616
19 810
19 820
19 870
19 942
19 944
20 26
20 28
20 90
20 95
20 106
20 118
20 122
20 137
20 161
20 233
20 350
20 357
20 409
20 660
20 700
20 731
20 966
21 23
21 55
21 63
21 91
21 101
21 119
21 124
21 128
21 153
21 155
21 183
21 202
21 280
21 385
21 404
21 432
21 441
21 474
21 490
21 543
21 560
21 648
21 782
21 807
21 861
21 911
22 25
22 31
22 42
22 83
22 145
22 148
22 150
22 199
22 334
22 401
22 504
22 524
22 539
22 611
22 619
22 628
22 644
22 699
22 769
22 794
22 961
22 968
22 982
23 27
23 28
23 41
23 42
23 53
23 73
23 79
23 99
23 176
23 181
23 312
23 314
23 366
23 371
23 372
23 514
23 529
23 534
23 542
23 607
23 711
23 813
24 27
24 31
24 43
24 87
24 90
24 110
24 116
24 123
24 129
24 157
24 170
24 221
24 256
24 261
24 316
24 445
24 495
24 573
24 602
24 641
24 716
24 736
24 759
24 807
24 886
24 907
24 936
24 947
24 952
24 984
25 41
25 63
25 71
25 87
25 88
25 90
25 99
25 115
25 118
25 132
25 158
25 176
25 181
25 187
25 236
25 266
25 284
25 288
25 336
25 340
25 379
25 422
25 546
25 553
25 747
25 787
25 798
26 34
26 39
26 45
26 48
26 67
26 78
26 85
26 100
26 101
26 112
26 140
26 142
26 206
26 212
26 240
26 250
26 338
26 346
26 360
26 447
26 523
26 562
26 607
26 649
26 679
26 733
26 803
26 904
26 933
26 964
27 36
27 41
27 42
27 44
27 50
27 89
27 104
27 106
27 113
27 127
27 153
27 154
27 174
27 175
27 205
27 228
27 231
27 245
27 257
27 269
27 296
27 310
27 327
27 344
27 350
27 357
27 421
27 468
27 490
27 502
27 503
27 509
27 578
27 579
27 618
27 715
27 776
28 33
28 38
28 67
28 80
28 91
28 99
28 108
28 123
28 135
28 178
28 244
28 277
28 305
28 354
28 376
28 506
28 507
28 654
28 685
28 718
28 728
28 733
28 763
28 768
28 900
28 914
28 917
28 922
28 941
28 996
29 32
29 36
29 38
29 46
29 47
29 86
29 108
29 109
29 120
29 143
29 161
29 175
29 232
29 272
29 297
29 313
29 407
29 464
29 519
29 525
29 662
29 764
29 818
29 909
29 956
29 958
30 39
30 64
30 117
30 146
30 266
30 499
30 571
30 860
31 35
31 39
31 74
31 107
31 129
31 180
31 241
31 314
31 363
31 435
31 470
31 711
31 792
31 912
32 33
32 44
32 56
32 62
32 111
32 125
32 157
32 164
32 189
32 206
32 228
32 245
32 264
32 332
32 336
32 339
32 357
32 358
32 532
32 589
32 628
32 647
32 675
32 680
32 721
32 730
32 749
32 757
32 758
32 885
33 80
33 163
33 165
33 222
33 504
33 516
33 676
33 697
33 703
33 859
34 35
34 68
34 70
34 80
34 101
34 109
34 127
34 131
34 196
34 221
34 223
34 259
34 269
34 275
34 439
34 587
34 755
34 773
34 789
34 818
34 826
34 926
35 39
35 47
35 56
35 60
35 115
35 148
35 192
35 200
35 228
35 416
35 433
35 497
35 527
35 562
35 622
35 632
35 639
35 645
35 934
35 988
36 40
36 45
36 91
36 102
36 129
36 142
36 149
36 178
36 275
36 323
36 421
36 445
36 646
36 653
36 959
37 69
37 79
37 125
37 138
37 207
37 268
37 314
37 365
37 404
37 449
37 502
37 576
37 628
37 712
37 864
37 908
37 953
38 39
38 64
38 72
38 117
38 201
38 309
38 334
38 344
38 351
38 364
38 735
38 736
38 890
38 937
39 45
39 72
39 98
39 100
39 110
39 114
39 118
39 211
39 249
39 290
39 295
39 300
39 318
39 334
39 498
39 713
39 735
39 774
39 810
39 851
39 871
39 884
40 53
40 75
40 88
40 111
40 163
40 217
40 354
40 373
40 494
40 509
40 556
40 573
40 654
40 759
40 843
40 970
41 45
41 46
41 52
41 76
41 121
41 159
41 195
41 219
41 257
41 336
41 423
41 451
41 518
41 536
41 679
41 732
41 735
41 885
42 57
42 58
42 89
42 110
42 143
42 173
42 186
42 287
42 304
42 374
42 462
42 463
42 477
42 489
42 570
42 941
42 952
43 55
43 71
43 75
43 77
43 82
43 126
43 149
43 167
43 170
43 198
43 277
43 333
43 361
43 423
43 545
43 860
43 931
44 54
44 56
44 60
44 68
44 74
44 93
44 96
44 121
44 138
44 146
44 154
44 161
44 220
44 239
44 303
44 310
44 317
44 331
44 348
44 386
44 397
44 399
44 411
44 420
44 423
44 452
44 469
44 482
44 494
44 512
44 525
44 563
44 565
44 632
44 750
44 770
44 784
44 796
44 876
45 46
45 62
45 69
45 75
45 109
45 114
45 126
45 132
45 133
45 146
45 211
45 256
45 281
45 370
45 438
45 494
45 613
45 620
45 666
45 814
45 935
46 54
46 97
46 105
46 108
46 114
46 129
46 140
46 261
46 349
46 391
46 429
46 472
46 474
46 599
46 986
47 59
47 62
47 77
47 112
47 163
47 213
47 237
47 270
47 285
47 329
47 359
47 392
47 436
47 447
47 469
47 555
47 648
47 662
47 696
47 701
47 856
47 872
48 58
48 84
48 101
48 132
48 153
48 158
48 169
48 173
48 207
48 220
48 236
48 294
48 308
48 329
48 377
48 406
48 416
48 477
48 512
48 618
48 751
49 51
49 61
49 66
49 69
49 87
49 105
49 122
49 127
49 165
49 212
49 240
49 242
49 254
49 255
49 295
49 327
49 507
49 563
49 576
49 587
49 609
49 612
49 650
49 667
49 685
49 692
49 725
49 781
49 815
49 868
49 902
49 991
49 993
50 53
50 69
50 74
50 128
50 139
50 211
50 235
50 270
50 276
50 281
50 298
50 345
50 378
50 483
50 837
50 959
51 83
51 89
51 129
51 140
51 148
51 157
51 169
51 519
51 667
51 719
51 758
51 767
51 794
52 64
52 65
52 122
52 123
52 141
52 149
52 169
52 194
52 232
52 258
52 329
52 366
52 414
52 437
52 491
52 596
52 692
52 705
52 747
52 830
53 59
53 61
53 87
53 96
53 124
53 168
53 171
53 184
53 187
53 251
53 268
53 282
53 293
53 305
53 307
53 338
53 349
53 384
53 393
53 434
53 458
53 484
53 535
53 561
53 593
53 604
53 669
53 836
53 851
53 863
53 879
53 922
53 939
54 64
54 77
54 86
54 100
54 110
54 128
54 130
54 160
54 180
54 192
54 226
54 291
54 294
54 299
54 365
54 388
54 465
54 515
54 583
54 600
54 602
54 656
54 700
54 707
54 742
54 763
54 886
54 958
54 998
55 58
55 71
55 81
55 139
55 141
55 150
55 174
55 245
55 260
55 289
55 341
55 370
55 382
55 450
55 498
55 590
55 646
55 656
55 681
55 707
55 763
55 920
55 931
55 979
56 63
56 70
56 83
56 98
56 133
56 147
56 152
56 161
56 169
56 248
56 279
56 309
56 326
56 496
56 531
56 692
56 699
56 896
56 903
56 924
56 932
56 941
57 60
57 84
57 92
57 93
57 128
57 137
57 204
57 243
57 290
57 380
57 484
57 507
57 664
57 719
58 94
58 99
58 132
58 138
58 158
58 208
58 217
58 220
58 277
58 332
58 386
58 443
58 882
58 906
59 60
59 89
59 120
59 140
59 348
59 368
59 381
59 435
59 533
59 637
59 745
59 955
60 99
60 247
60 321
60 368
60 414
60 456
60 457
60 771
60 989
61 62
61 76
61 92
61 97
61 186
61 250
61 251
61 279
61 287
61 305
61 310
61 320
61 374
61 418
61 457
61 514
61 515
61 820
61 857
61 938
62 79
62 82
62 103
62 108
62 112
62 116
62 120
62 147
62 176
62 197
62 214
62 244
62 249
62 281
62 286
62 330
62 363
62 377
62 448
62 455
62 499
62 581
62 583
62 588
62 628
62 668
62 680
62 822
62 960
63 67
63 90
63 106
63 146
63 249
63 289
63 337
63 356
63 499
63 510
63 629
63 635
63 976
63 987
64 116
64 135
64 200
64 203
64 236
64 321
64 340
64 502
64 523
64 673
64 760
64 842
64 895
64 907
65 75
65 80
65 104
65 105
65 145
65 172
65 190
65 369
65 391
65 450
65 489
65 584
65 595
65 616
65 915
66 68
66 208
66 230
66 281
66 286
66 291
66 791
66 861
67 121
67 136
67 234
67 568
67 596
67 691
67 760
67 788
67 867
67 943
68 148
68 195
68 197
68 201
68 246
68 252
68 300
68 438
68 552
68 619
68 646
68 705
68 774
68 865
68 961
68 978
69 71
69 79
69 126
69 165
69 190
69 193
69 218
69 223
69 232
69 288
69 337
69 351
69 371
69 391
69 425
69 467
69 602
69 969
69 984
70 72
70 216
70 257
70 286
70 292
70 293
70 302
70 360
70 637
70 864
70 953
71 81
71 97
71 179
71 330
71 354
71 383
71 406
71 585
72 75
72 85
72 95
72 166
72 302
72 424
72 505
72 582
72 595
72 655
72 659
72 660
72 663
72 722
72 740
72 904
73 120
73 130
73 139
73 235
73 273
73 308
73 596
73 824
73 969
73 990
74 230
74 233
74 246
74 272
74 383
74 384
74 387
74 578
74 594
74 616
74 630
74 636
74 676
74 702
74 821
74 894
75 78
75 182
75 188
75 192
75 209
75 221
75 287
75 300
75 305
75 408
75 875
75 916
76 96
76 118
76 162
76 182
76 191
76 224
76 228
76 237
76 254
76 284
76 382
76 415
76 835
76 876
76 923
77 113
77 133
77 160
77 213
77 234
77 381
77 523
77 748
77 790
77 793
78 95
78 106
78 131
78 212
78 229
78 304
78 315
78 327
78 338
78 589
78 665
78 833
78 893
78 965
79 85
79 104
79 146
79 179
79 192
79 335
79 420
79 631
79 777
79 878
79 917
80 93
80 128
80 142
80 151
80 167
80 170
80 207
80 234
80 475
80 505
80 530
80 606
80 636
80 639
81 91
81 119
81 122
81 156
81 164
81 194
81 299
81 399
81 571
81 741
82 86
82 103
82 119
82 131
82 135
82 187
82 207
82 210
82 218
82 239
82 253
82 345
82 664
82 784
82 880
83 92
83 108
83 138
83 156
83 179
83 185
83 211
83 217
83 498
83 704
83 720
83 920
84 116
84 167
84 170
84 387
84 642
84 653
85 136
85 138
85 182
85 257
85 481
85 721
85 738
85 915
85 997
86 131
86 144
86 168
86 173
86 274
86 324
86 381
86 390
86 439
86 484
86 696
86 811
87 107
87 113
87 183
87 212
87 296
87 319
87 417
87 427
87 480
87 553
87 612
87 706
87 938
88 93
88 114
88 294
88 389
88 411
88 419
88 443
88 493
88 586
88 650
88 709
88 775
88 996
89 142
89 156
89 166
89 199
89 360
89 375
89 550
89 652
89 791
90 177
90 203
90 236
90 292
90 336
90 380
90 454
90 574
90 999
91 238
91 255
91 389
91 450
91 471
91 481
91 711
91 797
91 927
92 105
92 265
92 288
92 601
93 130
93 135
93 137
93 164
93 179
93 246
93 362
93 372
93 422
93 453
93 476
93 598
93 693
93 726
93 729
93 742
93 765
93 775
93 853
93 859
93 872
93 936
94 113
94 122
94 127
94 135
94 183
94 208
94 222
94 242
94 272
94 283
94 290
94 318
94 393
94 398
94 427
94 483
94 500
94 814
94 911
95 193
95 256
95 347
95 440
95 552
95 567
95 630
96 118
96 124
96 147
96 199
96 278
96 487
96 633
96 737
96 863
96 873
97 171
97 194
97 215
97 450
97 457
97 521
97 571
97 634
97 665
97 870
98 141
98 172
98 258
98 431
98 561
98 608
98 649
98 744
98 839
99 184
99 205
99 231
99 240
99 367
99 565
100 145
100 154
100 371
100 387
100 466
100 569
100 757
100 949
101 175
101 186
101 247
101 441
101 496
101 532
101 747
101 891
102 116
102 117
102 119
102 130
102 139
102 252
102 403
102 459
102 490
102 497
102 725
103 126
103 159
103 284
103 490
103 508
103 531
103 732
104 166
104 304
104 373
104 441
104 687
104 769
105 147
105 229
105 466
105 595
106 121
106 126
106 137
106 140
106 201
106 206
106 238
106 244
106 246
106 254
106 282
106 305
106 359
106 395
106 453
106 623
106 626
106 994
107 144
107 176
107 205
107 274
107 290
107 313
107 414
107 419
107 581
107 638
107 695
107 703
107 908
108 160
108 172
108 209
108 350
108 385
108 421
108 481
108 495
108 758
108 776
109 141
109 144
109 159
109 181
109 194
109 203
109 215
109 315
109 323
109 335
109 404
109 446
109 454
109 474
109 507
109 597
109 614
109 738
109 754
109 762
109 899
109 974
110 142
110 160
110 191
110 266
110 346
110 355
110 397
110 427
110 702
110 962
111 187
111 264
111 283
111 325
111 378
111 526
111 545
111 625
111 683
111 736
111 805
112 115
112 134
112 139
112 174
112 203
112 209
112 218
112 267
112 307
112 333
112 345
112 394
112 425
112 444
112 461
112 617
112 722
112 736
112 825
112 837
112 933
112 991
113 171
113 206
113 234
113 259
113 426
113 537
113 731
113 823
113 850
113 917
113 928
114 134
114 136
114 174
114 197
114 224
114 278
114 292
114 359
114 392
114 424
114 508
114 520
114 554
114 651
114 659
114 704
114 749
114 766
114 767
114 823
114 898
114 932
115 295
115 391
115 424
115 440
115 453
115 456
115 467
115 486
115 991
116 152
116 182
116 198
116 269
116 273
116 345
116 373
116 419
116 636
116 709
116 796
116 812
116 889
116 946
116 974
117 155
117 157
117 185
117 200
117 204
117 229
117 230
117 271
117 296
117 313
117 317
117 593
117 665
117 690
117 739
118 153
118 218
118 397
118 638
118 931
119 133
119 136
119 164
119 303
119 326
119 328
119 380
119 437
119 447
119 486
119 542
119 641
119 669
119 685
119 769
120 154
120 162
120 198
120 254
120 265
120 297
120 315
120 318
120 344
120 352
120 554
120 708
120 726
121 124
121 144
121 171
121 243
121 265
121 343
121 360
121 471
121 505
121 811
121 850
121 858
121 864
122 705
123 564
123 706
123 882
123 889
124 275
124 283
124 310
124 360
124 375
124 533
124 738
124 915
125 141
125 151
125 155
125 207
125 262
125 275
125 291
125 298
125 342
125 346
125 487
125 533
125 540
125 587
125 588
125 598
125 608
125 828
125 887
125 929
126 163
126 193
126 204
126 280
126 311
126 359
126 446
126 451
126 486
126 500
126 551
126 564
126 652
126 731
126 744
126 748
127 267
127 401
127 478
127 515
127 774
127 916
128 182
128 183
128 200
128 428
128 451
128 503
128 619
128 824
129 316
129 460
129 486
129 852
130 162
130 215
130 229
130 232
130 303
130 351
130 672
130 685
130 768
130 777
130 804
130 832
130 920
131 145
131 175
131 196
131 205
131 226
131 274
131 380
131 440
131 474
131 586
131 614
131 699
131 799
131 854
131 887
132 143
132 158
132 227
132 492
132 508
132 531
132 668
132 761
132 774
132 778
132 798
132 915
132 947
133 225
133 239
133 258
133 286
133 469
133 472
133 574
133 664
133 674
133 744
133 795
133 800
133 802
133 821
133 956
133 986
134 193
134 222
134 444
134 493
134 511
134 618
134 704
134 729
134 740
135 137
135 145
135 156
135 243
135 248
135 398
135 493
135 815
135 832
136 188
136 189
136 223
136 255
136 410
136 597
136 649
137 166
137 167
137 172
137 180
137 189
137 219
137 226
137 231
137 248
137 276
137 297
137 326
137 331
137 425
137 446
137 478
137 583
137 642
137 765
137 958
138 249
138 670
139 238
139 824
140 168
140 184
140 256
140 258
140 287
140 309
140 399
140 400
140 522
140 581
140 808
140 879
140 934
141 247
141 458
141 518
141 537
141 566
141 602
141 655
141 832
141 867
141 890
141 973
142 264
142 268
142 295
142 447
142 534
142 714
142 817
142 942
143 259
143 288
143 418
143 661
143 690
144 570
145 163
145 202
145 492
145 530
145 577
145 687
145 723
145 871
145 918
146 165
146 223
146 311
146 326
146 378
146 383
146 505
146 586
146 635
146 688
146 777
146 840
146 893
147 178
147 190
147 216
147 280
147 307
147 395
147 407
147 753
147 843
147 856
147 865
147 951
148 219
148 224
148 272
148 276
148 292
148 317
148 527
148 756
148 939
149 307
149 341
149 352
149 438
149 484
149 529
149 584
149 643
149 663
149 774
149 923
149 947
150 154
150 158
150 183
150 263
150 266
150 283
150 330
150 354
150 510
150 585
150 603
150 632
151 157
151 186
151 213
151 258
151 277
151 280
151 288
151 385
151 392
151 459
151 470
151 583
151 648
152 253
152 271
152 347
152 468
152 630
152 767
153 209
153 251
153 255
153 268
153 325
153 337
153 418
153 430
153 550
153 565
153 600
153 617
153 866
153 918
153 936
154 348
154 412
154 463
154 493
154 589
154 591
154 604
154 750
154 905
154 967
155 171
155 312
155 319
155 492
155 513
155 575
155 717
155 773
156 322
156 333
156 350
156 353
156 598
156 930
157 175
157 189
157 265
157 296
157 302
157 342
157 355
157 375
157 384
157 417
157 564
157 605
157 650
157 753
157 791
158 239
158 598
158 816
159 234
159 606
159 613
159 880
159 937
160 235
160 285
160 436
160 455
160 519
160 676
160 913
161 167
161 254
161 270
161 584
161 605
161 682
161 722
161 913
162 241
162 260
162 287
162 463
162 568
162 741
162 862
163 172
163 192
163 455
163 500
163 540
163 780
164 186
164 204
164 320
164 366
164 488
164 734
164 842
164 849
165 168
165 191
165 291
165 362
165 480
165 558
165 643
165 831
166 221
166 233
166 257
166 284
166 423
166 454
167 301
167 439
168 173
168 176
168 316
168 319
168 446
168 518
168 567
168 648
168 971
169 178
169 238
169 306
169 441
169 502
169 600
169 762
170 275
170 303
170 468
170 641
170 764
170 935
170 943
171 190
171 269
171 344
171 457
171 501
171 533
171 592
171 649
171 676
172 244
172 248
172 263
172 328
172 371
172 420
172 473
172 557
172 576
172 601
172 724
172 921
172 976
173 212
173 315
173 353
173 547
173 642
173 660
173 666
173 817
173 989
174 271
174 293
174 315
174 349
174 374
174 388
174 610
174 619
174 674
174 730
174 743
174 785
174 885
174 909
174 911
174 939
175 231
175 487
175 623
175 624
175 644
175 678
175 985
176 197
176 201
176 215
176 355
176 370
176 591
176 764
176 950
176 955
177 211
177 351
177 535
178 205
178 261
178 282
178 397
178 445
178 447
178 483
178 594
178 732
178 899
179 263
179 386
179 400
179 520
179 714
179 759
179 788
179 851
180 181
180 189
180 233
180 268
180 327
180 357
180 751
180 822
180 881
180 934
180 999
181 210
181 277
181 290
181 395
181 482
181 526
181 613
181 726
181 749
181 792
181 841
181 962
181 974
182 242
182 243
182 297
182 416
182 455
182 508
182 646
182 648
182 679
182 683
182 727
182 885
183 322
183 331
183 402
183 414
183 481
183 706
183 733
183 754
183 821
184 225
184 415
184 437
184 461
184 479
184 588
184 625
184 711
184 829
185 300
185 301
185 350
185 373
185 485
185 590
185 611
185 622
185 687
185 702
185 706
185 771
185 784
185 790
185 807
186 223
186 279
186 410
186 482
186 522
186 524
186 535
186 694
186 781
187 193
187 302
187 548
187 900
187 911
188 213
188 238
188 269
188 396
188 524
188 538
188 546
188 725
188 872
188 951
189 206
189 224
189 348
189 358
189 729
189 794
190 195
190 202
190 226
190 299
190 398
190 544
190 694
190 712
190 835
190 911
191 202
191 652
191 833
191 880
192 262
192 328
192 394
192 799
192 813
192 950
192 956
193 330
193 335
193 423
193 462
193 652
193 944
194 202
194 242
194 370
194 478
194 704
194 813
195 253
195 536
195 609
196 308
196 312
196 320
196 374
196 548
196 954
197 879
198 303
198 306
198 308
198 383
198 386
198 569
198 740
198 851
198 924
198 932
199 225
199 310
199 401
199 691
199 937
199 966
199 998
200 338
200 396
200 437
200 477
200 479
200 562
200 947
201 247
201 324
201 558
201 654
201 781
201 858
201 968
202 247
202 273
202 349
202 411
202 412
202 512
202 694
202 797
202 967
203 441
203 522
203 760
203 783
203 841
203 883
203 972
204 343
204 427
204 554
204 564
204 639
204 678
204 691
205 224
205 324
205 516
205 518
205 525
205 538
205 887
205 889
205 953
207 215
207 217
207 227
207 262
207 314
207 362
207 402
207 405
207 432
207 451
207 622
207 632
207 811
207 964
208 253
208 300
208 458
208 593
208 855
208 864
208 866
209 237
209 276
209 372
209 412
209 686
209 743
210 330
210 394
210 481
210 489
210 552
210 773
211 214
211 369
211 729
211 738
212 265
212 332
212 471
212 529
212 539
212 658
212 820
212 883
213 349
213 627
213 746
213 891
213 955
214 243
214 278
214 690
214 749
214 761
214 813
214 829
215 222
215 256
215 283
215 319
215 549
215 551
215 745
215 753
216 282
216 301
216 331
216 379
216 483
216 514
216 532
216 647
217 218
217 342
217 609
217 723
217 756
217 882
217 895
218 279
218 325
218 346
218 488
218 661
218 700
218 781
218 786
219 229
219 236
219 312
219 388
219 528
219 580
219 844
220 241
220 406
220 428
220 430
220 491
220 563
220 572
220 579
220 590
220 617
220 675
220 701
220 953
220 989
220 996
221 289
221 369
221 378
221 444
221 517
221 558
221 677
221 783
221 854
221 873
222 251
222 263
222 273
222 293
222 337
222 341
222 467
222 485
222 527
222 541
222 810
222 871
222 975
223 245
223 267
223 426
223 553
223 672
223 698
223 709
223 757
223 906
223 992
224 385
224 396
224 569
224 743
225 259
225 363
225 479
225 520
225 668
226 252
226 696
226 778
227 246
227 250
227 306
227 313
227 347
227 365
227 409
227 413
227 424
227 484
227 537
227 787
228 335
228 355
229 270
229 273
229 345
229 506
229 577
229 582
229 809
230 643
230 658
231 582
231 823
232 318
232 377
232 398
232 407
232 517
232 551
232 601
232 761
233 260
233 320
233 324
233 367
233 478
233 480
233 491
233 620
233 737
233 902
233 926
233 971
233 972
233 986
233 990
234 241
234 317
234 560
234 567
234 581
234 707
234 853
234 912
234 998
235 297
235 344
235 422
235 517
235 628
235 690
236 249
236 291
236 298
236 319
236 408
236 501
236 546
236 663
236 819
236 832
236 928
236 966
237 391
237 701
237 821
237 854
237 964
238 356
238 368
238 656
238 698
239 341
239 472
239 624
239 690
240 262
240 348
240 681
240 762
241 242
241 394
241 578
241 633
241 647
242 260
242 261
242 428
242 460
242 982
243 411
243 598
243 611
243 763
243 977
244 285
244 286
244 408
244 410
244 548
245 516
245 622
245 626
245 838
245 949
246 363
246 428
246 490
246 860
246 882
246 945
246 946
247 392
247 839
248 279
248 376
248 399
248 417
248 476
248 617
248 643
248 667
248 875
248 895
249 501
249 547
249 590
249 688
249 786
249 841
249 874
249 902
249 912
250 274
250 364
250 385
250 489
250 542
250 693
250 750
250 859
250 921
251 328
251 413
251 513
252 586
252 832
252 961
253 320
253 452
253 549
253 634
253 639
253 678
253 791
253 829
254 324
254 571
254 620
254 636
254 778
254 782
254 833
254 900
254 957
254 994
255 289
255 306
255 413
255 747
255 898
255 910
256 412
256 444
256 662
256 700
256 917
256 984
257 364
258 332
259 263
259 343
259 347
259 362
260 270
260 356
260 364
260 530
260 608
260 773
260 792
260 794
260 901
261 285
261 657
261 754
261 994
261 997
262 333
262 393
262 527
262 631
262 634
263 371
263 401
263 542
263 912
263 963
264 367
264 772
265 381
265 459
265 531
265 853
265 876
265 969
265 972
266 403
266 499
266 592
266 727
266 819
266 838
266 870
267 376
267 389
267 445
267 456
267 574
267 575
267 618
267 643
267 669
267 831
267 848
267 892
267 966
267 993
268 312
268 537
268 549
268 850
268 938
268 990
269 281
269 321
269 329
269 421
269 434
269 541
269 560
269 627
269 640
269 838
269 878
269 879
269 975
269 979
270 294
270 339
270 470
270 525
270 691
270 805
271 494
271 566
271 621
271 625
271 678
271 936
271 999
272 401
272 755
272 834
272 993
273 306
273 382
273 661
273 697
273 712
273 721
273 877
273 981
273 995
274 292
274 304
274 317
274 390
274 572
274 976
275 398
275 432
275 451
275 524
275 638
275 947
276 340
276 359
276 482
276 500
276 661
276 935
277 381
277 389
277 580
277 703
277 745
277 808
277 925
278 284
278 299
278 534
278 566
278 659
278 874
279 426
279 530
279 567
279 670
279 688
279 977
280 443
280 686
280 775
280 827
280 886
281 339
281 356
281 422
281 775
281 971
281 973
282 504
282 630
282 728
282 786
282 896
282 910
282 933
282 988
283 377
283 751
283 892
284 313
284 449
284 452
284 532
284 752
285 361
285 442
285 772
286 295
286 311
286 364
286 369
286 404
286 627
286 689
286 696
286 752
286 788
286 828
286 840
286 897
287 561
288 390
288 452
288 672
288 682
288 948
288 976
289 382
289 384
289 393
289 449
289 520
289 553
289 554
289 645
289 668
289 712
289 724
290 337
290 357
290 445
290 785
290 786
290 833
290 926
291 393
291 762
292 433
292 540
293 435
293 511
293 693
293 761
293 884
293 940
294 339
294 340
294 346
294 413
294 419
294 429
294 608
294 680
294 734
294 985
295 684
295 862
296 400
296 431
296 506
296 539
296 660
296 708
296 735
296 743
296 945
297 362
297 629
297 799
298 318
298 370
298 546
298 550
298 578
298 613
298 624
298 646
298 677
298 713
298 796
299 316
299 366
299 641
300 395
300 637
301 332
301 355
301 424
301 470
301 537
301 563
301 680
302 511
302 980
303 417
303 426
303 550
303 747
304 353
304 473
304 501
304 517
304 604
304 671
304 865
305 336
305 538
305 600
305 808
305 812
306 464
307 456
307 508
307 526
307 587
307 866
307 886
307 890
307 898
308 343
308 352
308 375
308 379
308 466
308 610
308 638
308 725
308 741
308 836
308 963
309 436
309 522
309 619
309 705
309 965
310 895
311 419
311 449
311 509
311 526
311 556
311 785
311 948
312 541
312 713
312 716
312 941
313 654
313 716
313 849
313 877
313 883
313 898
313 952
314 458
314 825
314 918
315 358
315 368
315 443
315 555
315 742
316 671
316 890
317 376
317 380
317 455
317 644
317 665
317 689
317 748
317 770
317 895
317 923
318 338
318 568
318 640
319 367
319 695
319 870
320 326
320 503
320 562
320 650
320 818
320 834
320 848
320 891
321 389
321 418
321 656
321 742
321 924
322 407
322 672
323 378
323 703
323 829
324 579
324 605
324 823
324 857
324 988
325 410
325 485
325 543
325 544
326 329
326 342
326 483
327 361
327 407
327 408
327 432
327 615
327 674
327 701
327 983
328 386
328 402
328 473
328 515
328 594
328 719
328 841
329 575
329 770
329 931
330 442
330 456
330 511
330 840
331 765
332 970
333 436
333 757
333 837
334 448
334 463
334 466
334 482
334 511
334 518
334 521
334 610
334 658
334 738
334 822
334 875
334 982
335 379
335 439
335 442
335 573
335 874
336 544
336 555
336 637
336 765
337 570
338 342
338 550
338 610
338 680
338 834
338 849
338 944
339 343
339 547
339 582
340 358
340 367
340 453
340 596
340 819
340 857
341 434
341 651
341 854
341 959
341 983
342 379
342 535
342 575
342 831
343 493
343 496
343 640
343 730
344 356
344 396
344 452
344 478
344 506
344 652
344 757
344 769
344 783
344 820
345 422
345 444
345 529
345 530
345 627
345 634
345 637
345 689
345 811
345 965
346 707
346 812
347 400
347 442
347 592
347 603
347 675
347 809
348 464
348 654
348 799
349 361
349 621
350 594
350 599
350 727
350 892
351 433
351 448
351 862
351 945
352 429
352 496
352 801
352 886
352 958
352 970
353 558
354 552
354 573
354 644
354 657
355 406
355 472
355 838
356 433
356 582
356 681
356 736
356 836
357 465
358 390
358 655
358 766
358 836
359 509
359 576
359 943
359 993
360 369
360 551
360 792
360 881
361 507
361 800
361 980
362 409
362 432
362 702
362 830
362 896
363 383
363 388
363 960
364 440
364 459
365 406
365 411
365 709
365 778
365 859
365 935
366 374
366 700
366 720
366 802
366 840
367 410
367 670
367 772
368 430
368 733
369 462
369 491
369 922
369 995
370 461
370 514
370 640
370 729
370 894
371 405
371 415
371 440
371 552
371 580
371 595
371 800
371 962
372 448
372 563
372 624
373 715
373 795
374 489
375 377
375 629
375 825
376 528
376 970
378 405
378 462
378 477
378 615
378 618
379 556
379 649
380 800
381 461
381 593
381 780
381 873
382 501
382 888
382 935
383 392
383 420
383 460
383 595
383 818
383 954
384 390
384 415
384 857
385 454
385 539
385 560
385 944
386 425
386 908
386 917
387 534
387 760
387 793
388 577
388 792
389 561
389 607
389 616
389 623
389 658
389 719
389 823
389 843
390 431
390 845
391 476
391 602
392 454
392 539
392 544
392 682
392 720
393 555
393 572
393 653
394 804
394 899
394 940
394 981
395 402
395 512
395 559
395 902
395 986
396 852
397 528
397 609
397 686
397 746
397 796
398 429
398 463
398 514
398 538
398 669
398 717
398 755
398 824
399 635
399 727
399 737
399 952
400 458
400 471
400 485
400 623
400 728
400 863
400 894
400 978
401 442
401 495
401 561
401 653
401 659
401 939
401 983
402 471
402 610
402 666
402 674
402 801
402 846
402 854
402 934
403 827
404 547
404 692
404 992
405 434
405 449
405 465
405 893
406 425
406 467
406 497
406 599
406 693
406 734
406 849
406 930
407 608
407 679
408 431
408 713
408 766
409 570
409 650
409 671
409 722
409 981
410 470
410 498
410 551
410 591
410 603
410 682
410 805
410 985
411 714
412 876
413 969
415 500
415 541
415 856
416 673
416 846
417 469
417 576
417 692
418 630
418 887
418 937
419 430
419 460
419 536
419 779
419 789
419 827
419 855
420 546
421 538
421 780
422 548
422 897
422 920
422 925
423 453
424 536
424 586
424 591
424 614
424 847
424 909
425 556
425 562
425 810
426 817
427 439
427 462
428 891
429 430
429 494
429 686
429 725
430 468
430 890
431 536
431 877
431 910
432 635
433 766
434 480
434 495
434 497
434 520
434 557
434 992
435 621
436 437
436 472
436 888
436 985
437 464
437 612
437 622
438 443
438 517
438 714
438 835
438 881
439 913
439 928
440 683
441 752
441 923
441 955
441 990
442 534
442 657
443 459
444 465
444 497
444 979
445 607
445 871
445 903
447 585
447 697
448 473
448 488
448 629
448 793
449 467
449 519
449 734
449 948
449 990
450 532
450 662
450 901
451 942
452 457
452 516
453 670
457 571
457 689
457 766
458 657
458 744
458 948
458 950
459 460
459 575
459 815
460 485
460 992
461 844
462 569
462 710
462 943
463 476
463 597
463 779
463 919
464 487
464 545
464 592
464 607
464 620
464 651
464 833
464 896
465 533
465 967
465 987
467 499
467 545
467 697
467 713
468 479
468 684
468 927
468 991
470 639
471 543
471 698
471 708
471 760
471 804
472 865
472 902
473 584
473 587
473 855
473 927
473 969
474 549
475 531
475 549
475 739
475 825
475 916
476 629
477 513
477 564
478 592
478 726
478 754
478 779
478 846
478 960
479 778
479 885
480 521
480 559
480 584
480 593
480 764
480 803
480 903
481 504
481 510
481 893
481 975
482 486
482 559
482 698
482 728
482 732
484 557
484 767
484 812
485 535
485 903
485 966
486 642
486 865
487 624
487 645
488 721
489 523
490 492
490 623
490 666
491 572
491 730
491 798
491 880
492 506
492 664
492 802
492 882
493 525
493 673
493 722
493 809
493 859
494 933
495 572
495 742
495 756
495 776
496 521
497 557
497 884
498 510
499 594
499 647
500 868
500 876
500 997
504 556
504 905
504 975
505 566
505 591
505 673
505 681
506 523
506 585
506 677
506 759
507 555
507 636
507 764
507 772
508 588
508 597
508 604
508 697
508 830
508 929
509 513
509 580
509 675
510 589
510 803
510 930
511 573
511 932
511 949
511 964
512 519
512 983
513 577
513 695
513 716
513 770
513 806
513 978
514 569
515 720
515 986
516 999
518 776
519 559
519 706
519 908
520 578
522 684
522 999
523 633
523 667
523 674
523 804
524 739
524 929
525 743
525 771
525 777
525 787
525 963
526 822
527 612
527 711
527 719
527 871
528 559
528 620
528 626
528 750
529 632
529 663
531 617
532 771
532 795
532 989
533 543
533 577
533 606
533 724
533 741
533 852
533 866
533 904
534 614
534 683
534 721
534 977
535 899
535 964
537 640
537 771
537 957
538 567
538 919
539 679
539 724
539 994
540 718
540 779
540 812
541 927
543 583
543 603
543 616
543 758
544 843
545 881
546 710
546 801
546 847
547 793
547 809
547 811
548 599
548 655
549 666
549 698
550 611
550 662
550 794
551 686
551 761
551 839
551 861
552 590
552 789
554 626
555 605
555 708
555 712
555 910
556 642
556 802
557 717
558 684
559 665
560 864
561 710
562 580
562 603
563 922
565 678
566 924
566 988
567 687
567 801
568 611
569 732
569 932
570 631
570 783
570 921
570 925
571 615
571 785
571 825
571 828
571 863
572 631
572 717
572 718
572 848
572 910
572 949
573 791
574 834
575 638
576 788
577 631
577 907
577 967
578 670
580 741
580 860
580 987
581 784
581 901
582 961
583 731
583 806
583 846
585 699
586 847
587 850
588 858
591 653
592 605
592 661
592 708
592 888
593 728
594 787
594 818
594 929
595 644
595 862
596 788
597 667
597 806
597 827
598 645
598 734
598 840
598 982
599 731
599 897
600 676
600 768
601 906
602 651
602 659
602 735
602 942
604 606
604 749
604 796
605 739
606 660
606 782
607 683
607 856
607 904
608 858
609 688
610 844
610 941
611 677
611 945
612 913
612 936
613 702
613 868
613 972
614 671
614 790
615 801
616 781
616 940
616 988
620 695
620 789
621 763
623 669
624 853
625 753
628 770
631 802
631 805
633 830
633 869
634 751
638 808
639 705
639 869
640 806
640 879
641 866
641 979
642 816
643 699
644 755
644 845
644 860
644 973
646 664
647 758
647 956
648 925
648 954
649 714
650 651
651 930
652 797
652 978
653 668
653 835
655 962
657 919
658 807
659 746
659 785
659 878
661 816
661 828
661 880
662 850
663 877
664 874
665 720
665 768
665 831
665 907
665 954
667 718
667 755
667 808
667 844
667 875
667 957
668 773
668 983
670 695
670 716
670 826
671 684
671 726
671 839
672 759
677 868
679 744
679 984
681 800
681 934
682 779
684 765
684 853
684 900
684 905
684 929
684 982
685 959
685 987
686 845
686 847
686 996
687 898
688 689
688 848
690 748
692 694
696 981
698 975
699 754
700 723
700 868
701 703
701 820
702 745
703 795
705 740
705 817
707 724
707 837
707 963
708 888
708 968
709 715
709 900
710 723
710 756
712 950
712 979
713 909
713 916
716 829
717 748
717 769
717 872
718 799
719 830
719 905
722 752
723 842
723 949
728 756
728 805
728 995
730 852
732 750
732 914
733 940
733 946
734 777
734 872
735 815
736 803
736 851
736 925
738 960
739 772
739 903
740 874
740 884
740 904
741 846
742 746
747 836
747 992
748 921
749 814
750 863
750 977
752 810
752 855
753 968
755 793
755 873
756 839
756 921
757 775
757 856
759 858
765 906
767 869
768 798
770 842
770 937
771 849
772 950
773 878
773 881
774 782
774 998
776 826
779 834
779 843
782 826
782 873
782 967
784 960
784 972
786 926
788 878
790 889
790 928
796 847
796 994
797 826
797 848
798 803
798 896
799 944
799 998
801 814
803 819
803 993
804 862
804 920
807 819
808 815
808 953
809 926
809 971
812 919
812 963
813 828
814 907
814 933
814 938
818 867
820 987
822 845
826 974
830 914
830 946
833 970
836 922
841 945
841 954
842 971
844 901
846 899
846 914
847 894
849 928
850 877
854 893
859 996
863 981
863 995
864 897
864 980
865 959
866 908
867 962
870 939
870 980
870 985
871 901
872 906
873 918
880 892
881 915
882 946
882 951
882 973
885 930
888 912
889 965
893 931
893 942
895 914
895 919
895 927
904 940
904 951
904 956
909 968
913 923
949 984
950 977
959 973
961 974
984 997
